VARIABLES = "X", "Y", "P"
ZONE NODES=506, ELEMENTS=930, DATAPACKING=BLOCK,
ZONETYPE=FETRIANGLE
0.03251315639870844265
0.00000000000000000000
0.05000000000000000278
0.00000000000000000000
0.07259680416340298648
0.03988659978650001270
0.10000000000000000555
0.00000000000000000000
0.09073652516907730614
0.12224271424385919904
0.04327962606012206864
0.14999999999999999445
0.00000000000000000000
0.14649707213201498823
0.08584622843998677977
0.17333348993093139478
0.12434277325499940026
0.04296480121792953244
0.20000000000000001110
0.19731814938230010648
0.00000000000000000000
0.17053064997432260119
0.12771486423892089435
0.08565317724490868756
0.22360321455653650591
0.04278833447095967829
0.22227183369035030669
0.25000000000000000000
0.24718463787367758733
0.17064342172217950022
0.00000000000000000000
0.12896386803242901320
0.20451647884567830671
0.08536133538913787122
0.27342280429819870724
0.26974915355569767383
0.04257216349872682687
0.24404598244014139019
0.17706095160414500600
0.29999999999999998890
0.21509614201241139542
0.29626456406616991091
0.12726574465375781187
0.00000000000000000000
0.08472352859974896511
0.29050256065483692769
0.32312081173968970615
0.31803217016341078782
0.26235717694283827717
0.23242267003574679229
0.04239160322107546341
0.16138232276075389904
0.34999999999999997780
0.12609350533285040852
0.34565250899484567526
0.20408864572549539895
0.33870483447702032231
0.00000000000000000000
0.31054407066726341657
0.08445277643430511294
0.28236576132426710606
0.37306381770248242535
0.36725414003355627557
0.25450206854829338088
0.17262618830881598653
0.04241738487796112983
0.12605139816171700984
0.40000000000000002220
0.35899418186925319274
0.39586284635417562372
0.33138816438449791857
0.22724843216244300370
0.38744714592327728075
0.00000000000000000000
0.30427169867781822532
0.08479675368795717982
0.42351481859761780369
0.16096904150188501292
0.41790898401131482132
0.27778176495608580820
0.20288142508022499744
0.04267907019794839329
0.38000765684235687791
0.40695550746413922116
0.12725672786746589082
0.45000000000000001110
0.35352542234044670444
0.44763923539803407436
0.25240206297042422356
0.43548756150506728879
0.32745236331541371921
0.00000000000000000000
0.08569476028681120849
0.17610031798136868697
0.47440241726068582695
0.47397636965205208748
0.42796452822466629629
0.30191952877119071497
0.40246151212176162204
0.22836088635790180446
0.04302484456644326688
0.45278604600765498533
0.12984011240947448962
0.37688232616862271662
0.49999999999999988898
0.50017944435421690663
0.47446678450859758325
0.27695200524760671401
0.35147764588458840773
0.00000000000000000000
0.08645032969748228657
0.21015860857658189009
0.45117176437968398162
0.17346465506477920515
0.47534800672736060578
0.52505015526647147439
0.52921991055813677463
0.42623050606340068258
0.51328374576677415764
0.32630682664074200927
0.25212734519573748448
0.49725152571290381909
0.04327054727599460859
0.40109514549841490672
0.13013048565539028778
0.54999999999999993339
0.55085449433929944973
0.22104901743718780027
0.50004607292656833017
0.30119297717519172286
0.37597488962758551789
0.47562157029754137394
0.00000000000000000000
0.08677599490114655534
0.56048212931277119342
0.52346182301934229830
0.17379356477493090871
0.54468136068703332242
0.57485243630824911509
0.45076816677795761290
0.57671823431510393920
0.27551942114689748076
0.35089574285905589246
0.42576585641526248915
0.04341188497992440332
0.13067898793825841186
0.52526295533317068909
0.59999999999999997780
0.21055286190763000675
0.54972302932420813448
0.59912175100943998451
0.25223970240382592722
0.50053233969757504607
0.32581467291810661813
0.59986311830173189019
0.57405786461132823906
0.40073087619193420439
0.59934649116776328448
0.00000000000000000000
0.08687981979127513965
0.17727679014178621131
0.47562332781336519316
0.62403351032201348492
0.62133701034876043234
0.30113821947462149353
0.37570775296523151177
0.57528317013127017177
0.55042812642544869384
0.45063075471711810938
0.22879946914826990167
0.04363670887064369230
0.60034378503179575137
0.12952153199639460102
0.65000000000000002220
0.62647842817773657931
0.63840381844183979876
0.64683188687976400644
0.52553079374728328688
0.27684374353363988552
0.35078383573259941386
0.42561504631214619465
0.00000000000000000000
0.65582378138243091481
0.08745419578048474474
0.20418392053821410315
0.50056378853701943843
0.16385111663836510187
0.60040801183561332000
0.67326576142616556542
0.62549579099823293671
0.66752519781244468167
0.32600391405266587741
0.57546236331831668309
0.40062015067271117275
0.65110811244652977425
0.25210325576052161622
0.47555659291725010940
0.04416009122029305317
0.13124066844793280673
0.67787438056789606211
0.68657588798371149696
0.70000000000000006661
0.55050467590265628193
0.69549222601178561920
0.30114048889873978876
0.37567109542356841301
0.17720365261701170878
0.45054050244739007880
0.65030217360872044630
0.00000000000000000000
0.62533998825699976809
0.22610223339575161172
0.08938737146942028755
0.70594665658292610200
0.52550853880610193247
0.67550094154464856988
0.72304137585930883247
0.71635165062546013459
0.70110477342671007062
0.60041439821699493784
0.35071243598636092642
0.42553390547650060682
0.27577243565427062011
0.50049139758196015126
0.14007335563402750767
0.04449249267480472753
0.72706929499180283916
0.73544703305539560478
0.57544273280589741670
0.75000000000000011102
0.19774668967646219508
0.67502099388208203212
0.74565220481129257379
0.69991289113762655827
0.32558723646133008733
0.40052854275262678163
0.47546939007103772301
0.65022814135833117977
0.72512477702737410112
0.24955284411604630734
0.00000000000000000000
0.08882347246931820983
0.55043727703592970624
0.75315832737302812472
0.75021403216058091257
0.76724863079461591564
0.77361869830935947601
0.62532258999253731435
0.37547471484062927560
0.17031303292962521323
0.45044549746189260775
0.30012902584655259952
0.52542034240760449038
0.72425683628153036953
0.04448482738573864698
0.12545630517461400788
0.69984552856791637510
0.22289376522160719851
0.77451158417985610516
0.60033783254218275882
0.78349599447428130983
0.74918457874939292651
0.80000000000000015543
0.79788003647098826310
0.77498943954931875933
0.35030000229333257966
0.42540687051458281331
0.67514892952766125678
0.50039659779338585555
0.27436392381546992336
0.00000000000000000000
0.57534526250318684948
0.08875442511649345168
0.79283101428428637281
0.79887950159503662295
0.13890495871630501035
0.82454913043713762288
0.65012765726481736017
0.19622133355445681158
0.82493826407850889826
0.74875319388518180030
0.40032861685699677734
0.77260392085765239312
0.47536320876618171072
0.32497914979866371343
0.55034374548050402076
0.72532336129307906081
0.04465086652982393212
0.79824290082661786272
0.24857909034917050062
0.62517973331327680864
0.82541434828944737490
0.82792435121314211788
0.82861354049939783817
0.85105519075163771348
0.85000000000000019984
0.69968772925270494856
0.37519121474837469066
0.08977485320335677754
0.45031376278652918144
0.52532526185865824342
0.17250469031104989637
0.29959538645696237591
0.60024559434587865248
0.00000000000000000000
0.79054593805499007164
0.84006411145893478132
0.77960898636461173350
0.67478997965638309875
0.22342174894877950275
0.87064805498259023597
0.82453384564762244313
0.87357078227140316784
0.87691878137703505036
0.12855208688771929681
0.42524145016753339688
0.83973367588966252306
0.35000889168692939091
0.74845920875966742702
0.50028924262174223614
0.87090779614554747479
0.04465032677533155997
0.57527478662647690832
0.27434916406019610458
0.65002724526866650923
0.87340659589552382958
0.87452968186953317087
0.72385761506907930762
0.90831805779275820445
0.90000000000000024425
0.87444799645231163776
0.19883753555465891183
0.09267628255030151141
0.40014767664643158263
0.82703945603803774578
0.47523877526287111595
0.14840216921027729602
0.32484446051163962110
0.55026243471760794002
0.91324184348981718440
0.00000000000000000000
0.62518825443639680639
0.79000991836790102063
0.87313781481874619406
0.91383660811404388014
0.69953677261120450481
0.24937224137096811183
0.92709491670552335307
0.82666064713967057909
0.91462303908080810899
0.77177843269557866446
0.87051202152593054606
0.45017766688697230526
0.37504924117633808844
0.91548782029392361537
0.04057664938137042071
0.52522407706293294805
0.91578426256765865787
0.60023862391900950630
0.29976996289762797288
0.67503745790829772222
0.95636562873400932094
0.17420652053865628983
0.12312413737739549835
0.74848084219437804876
0.91542187654879192404
0.95987090139279074297
0.95000000000000028866
0.22458409421962249874
0.87018706926550171143
0.95674238755555685021
0.42511238996493311282
0.07321651576848840770
0.50017444534250088406
0.34997436069212500831
0.82314916272086002813
0.95707570540078368282
0.91450706784709046016
0.57521779805614758896
0.00000000000000000000
0.65024625212111442085
0.95743188636857301521
0.72478857955745368269
0.27481381703601881483
0.95767626820301943180
0.96739837702634634553
0.79628421688274242385
0.86961764424605869639
0.91374042950190226264
0.95766658710193597326
0.47512241032056862222
0.40005307201749201740
0.14999999999999980016
1.00000000000000000000
0.03276970641934205675
0.55017013766400546526
0.19999999999999978906
1.00000000000000000000
0.32494909963803281228
0.09999999999999975575
0.62525781993688789306
0.70037828887332331806
0.95740752250379645982
1.00000000000000000000
0.77437015478995563367
1.00000000000000000000
0.24999999999999988898
1.00000000000000000000
0.91340455266279063640
1.00000000000000000000
0.45007345989386038365
0.83650907473143276682
0.87075534947363453231
0.52511980600136665132
1.00000000000000000000
0.95706073518796797028
0.37501094512970378769
0.04999999999999971134
1.00000000000000000000
0.00000000000000000000
0.60019587454133105364
0.67544878265757157809
0.29999999999999987788
0.75089410324900462967
0.82316463429871411517
1.00000000000000000000
0.91329348376241092922
0.95681243237381252698
0.50007459557172861953
0.42503141173465358582
0.57512844655479222755
0.34999999999999997780
1.00000000000000000000
0.65032470152749555226
0.72602840509089572318
0.86902525160948229654
0.80261904347097201562
0.95666878253159814971
0.47503516851521632169
0.91271575162932538916
0.55007540983092095832
1.00000000000000000000
0.40000000000000002220
0.62518757766837307344
0.70072005127510594846
0.77744687852055349708
0.86018761540355304085
0.95644346241146926957
1.00000000000000000000
0.52503487017233441136
0.45000000000000012212
0.60009454426381403369
0.91078116125255059732
0.67538447625374153915
0.75170823988916435354
0.82996062271642856434
1.00000000000000000000
0.95592112534411588509
0.50000000000000000000
0.57503838529022510695
0.65017045177766885633
0.72586717496233355007
0.91133449005727262815
0.80402604585595938147
0.87475239194065712578
1.00000000000000000000
0.55000000000000004441
0.95558822729053460865
0.62505809628248298893
0.70037020800132976373
0.77677619574622303045
0.86128542707958088975
1.00000000000000000000
0.60000000000000008882
0.91138583525090421933
0.67511863986490949774
0.95559124242525006476
0.75076138111962986699
0.82766680397358405319
1.00000000000000000000
0.65000000000000002220
0.72525220367345755168
0.91034180997527613943
0.80128614380771512327
0.87158655907083359970
0.95541633341382425915
0.69999999999999995559
1.00000000000000000000
0.77547944232430621181
0.85170537492059905649
0.90740396992610239391
0.75000000000000000000
0.95540232876107789028
0.82585234940435292561
1.00000000000000000000
0.87692491032848218779
0.80000000000000004441
0.95945575609231514846
0.92681529236488302548
1.00000000000000000000
0.84999999999999997780
0.90000000000000002220
0.96724456002647796193
1.00000000000000000000
0.94999999999999995559
1.00000000000000000000

0.03271301706530230918
0.00000000000000000000
0.00000000000000000000
0.04999999999999971134
0.04048989345258553751
0.07312165463321568248
0.00000000000000000000
0.09999999999999975575
0.09258371987843223849
0.04462219880673422984
0.12302927347461140029
0.00000000000000000000
0.14999999999999980016
0.09000666200793265570
0.14833366222326410666
0.04478945723088739034
0.12863601796064899618
0.17418449469295779752
0.00000000000000000000
0.08981790137132160401
0.19999999999999978906
0.13973941115524349255
0.17254045034421938709
0.19900138160553149103
0.04444755744807323689
0.22468508242008738973
0.13190244670698050844
0.00000000000000000000
0.08817865978770533797
0.19509384825625000759
0.24999999999999988898
0.22420058901049549904
0.17007119840269760425
0.24981202441138189441
0.04407806302102344059
0.13111757538658710964
0.27494686784945138180
0.17245613305519338909
0.25264876114584661204
0.00000000000000000000
0.21085353336449980111
0.08793754371843652551
0.27557710476825630908
0.29999999999999987788
0.30004611069190040284
0.17442104541961109265
0.04413800715371499206
0.13191408605210180882
0.21604601062726319638
0.25813584304740888609
0.32491903974121488785
0.30112317709846647684
0.00000000000000000000
0.32496563444526010977
0.08857306653177654532
0.30262279196210517540
0.17625595320875189764
0.34999999999999997780
0.21863689369395750139
0.34961301735531591373
0.26119032315994927806
0.04456517556305455291
0.13354378879106010292
0.30460724851775550226
0.34913925775155651987
0.37470160417709669209
0.37368809878423608906
0.00000000000000000000
0.22061209017235550167
0.08992156290672061181
0.26303524382615772748
0.34922572118808548058
0.17867496714892688869
0.40000000000000002220
0.30603144469017601326
0.39898284273116069176
0.04519089808027969973
0.39664467202773528998
0.13660423890089021248
0.34965172550156742304
0.39492317831800438643
0.42452968618078568142
0.26443539742198679532
0.22279859711993010851
0.42231699298336139448
0.00000000000000000000
0.30701956402935282053
0.09181400783405195554
0.39373682496272288667
0.18285638968740600130
0.35015597905549711299
0.45000000000000012212
0.44877044910522712051
0.44277574651045459309
0.04533200235155161045
0.14368226822260948827
0.26553596847868188302
0.39361147729697387732
0.30769933642439167842
0.43753092028209600306
0.47459404019790157880
0.22515473423346998860
0.47270098605179111662
0.35056114948028360701
0.00000000000000000000
0.09093559624208918946
0.19099587174765331188
0.43705194051431761615
0.39374566423277829186
0.50000000000000000000
0.49927532110616901218
0.47652945778535837906
0.30791340136191458488
0.49838483024294488732
0.26549653283101787293
0.04448304598207306754
0.13338046560381419670
0.35077674743174841465
0.18004748271783529989
0.43704701110449972745
0.47986804476173650080
0.22376082373696470906
0.52487641418836827878
0.39387747909737730323
0.52440103447129793324
0.00000000000000000000
0.08748656863378560800
0.52386016777776933662
0.30735027704062911624
0.48030472498332010822
0.43709802018294091619
0.35069849662667251788
0.55000000000000004441
0.55008244328829303260
0.17108763252356179452
0.26343440578267118823
0.54971827365113801189
0.21768902989314001251
0.04341462782287489747
0.39392065892587058151
0.12735765430547091315
0.52371999501181309977
0.48036622625849001444
0.43714361928610429020
0.57517920899282926062
0.57590853428705057748
0.35031486522279742246
0.00000000000000000000
0.57096980206989456086
0.30611353858972112363
0.08556627773237379664
0.56745119191277049175
0.39384736914978518696
0.52366972531214617259
0.20758937743680239141
0.25999783310613777676
0.48039219873191907340
0.16029056633097468754
0.60000000000000008882
0.60057189968973856420
0.60433728637808914463
0.43716137805796351223
0.04303888450388287934
0.12622340288532940544
0.56696111624774703230
0.52366175514868462670
0.34988120952968349009
0.39371060036939498072
0.48042156886492010104
0.60904586300365504137
0.62537473570521540100
0.30522363150210640725
0.62585578066258518160
0.00000000000000000000
0.25932261005570528267
0.16882041656847421307
0.08582776879013091775
0.43715347834122741943
0.60974333004968983563
0.56691624492343095643
0.52367942662775790463
0.65000000000000002220
0.21519138145433411302
0.65064668469041420096
0.64940438548013645903
0.48045299539249780585
0.64866258990586067590
0.39363383500844328911
0.04342372825989079810
0.34976760441988580252
0.12916971360449960859
0.61001550314508135031
0.43715032896110428418
0.56693513939957451697
0.30550648308455907731
0.65169813766386541776
0.52371383011944117047
0.67563921573576635193
0.67436617811967058955
0.26160564619517351348
0.17393690975963491119
0.00000000000000000000
0.48048832429943272304
0.08747285623746824113
0.65278868753308039174
0.61014761929098937365
0.68863254735080758895
0.56696872344644977382
0.39370062736813399296
0.69999999999999995559
0.43718754967262341005
0.69316722180585987889
0.70159176821370061727
0.21923961031969979585
0.52375915779984405507
0.35001815671975777811
0.04427450593284568137
0.13258745978998340287
0.30633480209974450759
0.48053581637316339359
0.65324898618910209880
0.61021530095809095595
0.69527342527692370666
0.56701277943170602658
0.73007143866814661060
0.72598828789948388618
0.26339843144719821133
0.17840975629408858949
0.52381369406838140801
0.00000000000000000000
0.73520411551698872099
0.43727240681974860470
0.08974265569203272730
0.39389866553399377480
0.69621968688604729536
0.65343359660159328062
0.61026490348299600175
0.48059359776951832144
0.35033351475555851717
0.73785561068883043223
0.75000000000000000000
0.75236056539613083149
0.56706483750356206919
0.22268383082659778949
0.30663286142501439135
0.13710172663847000618
0.04527057497581060685
0.52387718763732948890
0.69660848784099094200
0.77945938968968031535
0.65351542178569632657
0.73916908933435798712
0.61031345818611792975
0.43740909619168322209
0.77612891783328041839
0.77805916859629031812
0.48060344955604250572
0.78116874218070053715
0.26372290312110391319
0.56711957442516525152
0.18528610084395169544
0.39431195423767451125
0.00000000000000000000
0.09234133202278603514
0.35045969686543271271
0.73976170604553803667
0.69676027371566995328
0.52394735974166251058
0.65356796296137664726
0.78233088053227339831
0.80000000000000004441
0.61035699905041562729
0.80194656808767783573
0.22641461960647790708
0.30542587350476130270
0.82607289832244490402
0.14507079389357779853
0.56717122464144453797
0.82554373625949928339
0.04572797371342258305
0.48020213843060888248
0.74000307962489009217
0.43795153192683711207
0.69682982784631020134
0.78296800270235644703
0.65360848730992160416
0.52402761736234571011
0.82634786199205967350
0.39559559776413327770
0.82590249822926598000
0.61036951679032902529
0.25809487226519889358
0.20291490849747070846
0.35035985014935761006
0.09203142107599053545
0.00000000000000000000
0.56725767508188129629
0.78326225328881660115
0.85248280028202871872
0.74010043863056473867
0.69687355129031613998
0.87042170445103517196
0.82631238539823348432
0.65361198298591605127
0.84999999999999997780
0.47685861262907042191
0.30350356155592478347
0.52415469592572638824
0.61029386615196679067
0.86977222956907207507
0.17602168161264458712
0.44315055257495661323
0.13112539389743241292
0.04527834984842114135
0.87422655011382699453
0.78338393771024994461
0.39721827203231591108
0.82656521607633071103
0.56775282621286449203
0.74015004957781382888
0.22763933150661810889
0.87747435917853067178
0.69688799162302872414
0.86979904963786636163
0.65349533142900706473
0.27782098124948551021
0.32612102854024099807
0.61004474419053833500
0.09359467466822168902
0.00000000000000000000
0.37427917622108042295
0.91337448690229805504
0.90874447372678701651
0.82668628896164741970
0.49865145736898242035
0.78343871009664445282
0.91331922245203200905
0.86992379033735423022
0.74017658120233520425
0.14981614895076270089
0.90000000000000002220
0.69680897397680352512
0.57124622233967126128
0.42264617954545030676
0.20066439888525919311
0.65307521727563022651
0.91329259320672695477
0.04080023179555210960
0.54995646743392090361
0.25119219912766188596
0.60933340331891905350
0.47292810008705049585
0.82674030727486746972
0.87000927708377628900
0.30091769032413001606
0.92727124390221382644
0.78347019625443514723
0.35008741112213082047
0.74014922566165741724
0.91330779137504425336
0.69647213404832131189
0.12353428910833659515
0.95664087085324800430
0.95644716496436676945
0.65198976960900889566
0.39924621986775482574
0.07340999103705229956
0.00000000000000000000
0.95667267524218713159
0.52458622457706804987
0.17480885253208700014
0.87005257615603193155
0.95998196611167119219
0.82676979705587205771
0.91334450023043933786
0.60457407358652404117
0.22528264903794428808
0.44893927721742987735
0.78347586854956030589
0.94999999999999995559
0.73996397676394520815
0.27539213614351787385
0.69554812557139655826
0.95666926710199995387
0.32519172946825192216
0.03282042370632389655
0.64966729140221601835
0.57608250604743416190
0.49940370786278232007
0.37485807853477731699
0.87007575677670312420
0.91337005397304649179
1.00000000000000000000
0.10000000000000000555
0.96744837815353856847
0.82678693604687525376
1.00000000000000000000
0.14999999999999999445
0.95667673320859536457
1.00000000000000000000
0.78340671723681432059
0.73940528388528914405
0.42462601631320362472
0.20000000000000001110
0.69343069256402800615
0.05000000000000000278
1.00000000000000000000
0.00000000000000000000
0.55019579059744627703
0.25000000000000000000
0.91338476581688921030
0.64888112470642478335
0.62602703296164208258
0.87009163710591541641
0.29999999999999998890
0.47466287082003211228
0.95668625577502919288
1.00000000000000000000
0.34999999999999997780
1.00000000000000000000
0.82677597555349313652
0.78315053927880295959
1.00000000000000000000
0.73809713269159848981
0.68885633124964540386
0.40000000000000002220
0.60068223797156039545
0.52493334955899206840
0.91339502096331992576
0.95669284619799332958
0.87009900999843114988
1.00000000000000000000
0.45000000000000001110
0.82668988788977504356
0.78253091794162543682
0.67453597721573432811
0.73542125586694939710
0.57523222921906447258
0.95669757404750288554
0.65075797479571473314
0.91340316328206550001
0.49999999999999988898
1.00000000000000000000
0.87008271815209736744
0.82645950756108454982
0.78136253424957102798
0.73023537782341563229
0.62542812526192459455
0.54999999999999993339
0.95670173719043927196
1.00000000000000000000
0.91340574529080997834
0.70170160425414440653
0.87001794293620149379
0.82605600138460655302
0.77962460961714008523
0.59999999999999997780
0.67569331350029326888
1.00000000000000000000
0.95670508761213179927
0.91339493781134828421
0.86990508372956154570
0.75246035863175342318
0.82568618990695730187
0.77818806608525747937
0.65000000000000002220
1.00000000000000000000
0.72604049327102593292
0.95670589330240629611
0.91336913566132638120
0.86987970098112776807
0.82618613884589819918
0.70000000000000006661
1.00000000000000000000
0.80203174635582918928
0.95670259144043656718
0.77617595607476841391
0.91335992750423400377
0.87051955511344647487
0.75000000000000011102
1.00000000000000000000
0.95669968796064930316
0.85255136520269647615
0.91344190784796408522
0.87430686887285025133
0.82638781208667599909
1.00000000000000000000
0.80000000000000015543
0.95670548928295284785
0.91338004592318000618
0.90879062653371633917
1.00000000000000000000
0.87750492528964463279
0.95667320300593183813
0.85000000000000019984
0.95647491382396776505
1.00000000000000000000
0.92728990763928431651
0.96000020815085373993
0.90000000000000024425
1.00000000000000000000
1.00000000000000000000
0.96745661431515872497
0.95000000000000028866
1.00000000000000000000
1.00000000000000000000

-0.01716466392009100006
-0.01715924216712043024
-0.01799082624248742393
-0.01634980720709213950
-0.01861582094850069979
-0.01565159399641211438
-0.02211317396885705347
-0.01215279304754767614
-0.01717642469227401852
-0.02099580356409306431
-0.01310568276657905068
-0.02628315602212187574
-0.00748466854629935632
-0.01988479749158553536
-0.01448201265071377176
-0.02324639377777476881
-0.01724728351652456484
-0.01042363756835041483
-0.02878478467296992707
-0.02110962755951320893
-0.00378603164627892928
-0.01860989584546561548
-0.01654188814573769387
-0.01329276382298687741
-0.02414045695591931703
-0.00889334721881586757
-0.01947380194700356129
-0.02906095358277106452
-0.02111960426156161280
-0.01807707446691037001
-0.00151788654367604947
-0.01649142902040669559
-0.01884561516306638290
-0.01347276081708239683
-0.02323259866444670266
-0.01870414112663379425
-0.00902219751516452478
-0.01861464614291862343
-0.01970172354835766221
-0.02688048457242702902
-0.01899438922642805727
-0.01947841482531213406
-0.01837899186299125909
-0.00116415322468720289
-0.01553623614775427771
-0.01732991137461241046
-0.02048207878559120398
-0.01658187530464770229
-0.01863677079850195248
-0.02063200320521655501
-0.01132290891582957149
-0.02222808232229246672
-0.02242269676486342150
-0.02193453280758018292
-0.01632471863621033289
-0.02347502747910409915
-0.01474447520540936481
-0.00316923115047148922
-0.01674447123861589476
-0.02002428544229259422
-0.01945037642046832174
-0.01603025051626532846
-0.01315148875555594531
-0.02322096207340325000
-0.02786021183502232490
-0.01633587665018062379
-0.02857310811233308712
-0.01607731027658938078
-0.01361507400727740395
-0.01180476134484578950
-0.01678089977496533339
-0.02845445056621841162
-0.01104265546953618615
-0.00805591289977244593
-0.02093388129722337926
-0.02748266523749115162
-0.01022665729554879041
-0.03483807536823982365
-0.00861564205744499816
-0.02645981146932735104
-0.03551510496068694539
-0.02475153367337844940
-0.01285952538898403434
-0.00955797927830528103
-0.03777261557177466478
-0.00837991945830483982
-0.01707346394750933194
-0.00614031191058295872
-0.03384189116358383292
-0.00659950903491910486
-0.02261134090007481043
-0.01651526923694272841
-0.03886393578747054239
-0.04568437454271777332
-0.00351435888911619124
-0.00279297615434772337
-0.00807449168420281554
-0.02988382349606588662
-0.01204427156674814890
-0.04337763395010892087
-0.03746752082794805455
-0.00504386683716500500
-0.05195953342081501697
-0.01722923107075343199
0.00000474602605385625
-0.00002058267219725403
-0.00265460588125560233
-0.03933184463422106231
-0.02405695678577822461
-0.02946778358789330088
-0.05504226974327217081
-0.05427399252893394532
-0.00622722489842009001
-0.06188129327319408929
-0.00282376767502647572
0.00346129227046354992
0.00318628446922419786
-0.01075670833090091108
0.00137125544212036358
-0.03299020737144545135
-0.05142449156098965329
-0.00025264946184997425
-0.05563126798279231788
-0.01679980295033125723
-0.07103012016196710854
0.00838872631586386718
0.00607083880472269154
-0.06827596359948140403
0.00000735823825149911
-0.04465267809471273885
-0.02480127777589048385
-0.00362714855410193248
-0.04819424596492828672
-0.07751871617236720524
0.00622687561878765804
0.00266219871007578263
-0.08285153283285279224
0.00472512171287511190
0.01006524686604673251
-0.00859281782885273383
0.00814237244772716626
-0.05972373161096034000
-0.03526970078826636990
-0.01532566391488141867
-0.08086948795877721419
-0.09657790031781948725
0.00374714228095522628
0.01606590428087834727
-0.08816961978576988435
0.00629303895691062532
0.01143960917302190225
-0.07895656193271990975
0.00009118424632552206
-0.04885451168551747936
0.01003208614181228149
0.00824360670165153429
-0.02430725967917452338
0.01003089344262449861
-0.07449264843598250863
-0.10759034221900207196
-0.11066004861340911214
-0.00511191061926038852
0.01581022819421710329
0.01238370431561214118
-0.06611785356262404878
-0.03605686399556661675
0.01093537161229568393
0.00878797388532473814
-0.01232432096567649162
-0.10229907739592249138
-0.11556234392510694731
0.01228011173808050277
-0.12961513977628896788
0.02239890384930522810
0.01323232455279014542
0.01308778803994290960
0.01583341534522021005
0.00534993211578885762
-0.08788404421186825355
-0.05115333998060241777
-0.02202494650081433455
-0.11096863506127738197
0.01467204489504703689
-0.14806165808488397362
-0.13218023679100621148
0.00014073074133485263
-0.14231269559002762692
0.01702407433799670716
0.02026194744170632667
0.01747198147150513803
0.01579289604258643509
-0.07021972156659102293
0.01557108652250767215
-0.03469629524750975080
0.01743955546669264875
-0.11526577226419598698
-0.00730786887853095406
-0.16351459328080589217
-0.17037602327952852677
0.01733796302145690707
0.01625977803518235607
0.02687139429362946086
0.01260673998985761476
0.01908005211222737682
-0.09413068243582127514
-0.05083105854564710924
-0.17027857309749214187
-0.01743748350937604497
0.02429950879010754627
-0.16231739577453888068
0.02505024724158032984
-0.15081776922613326919
-0.20357376786791159251
0.01754946056688465664
0.00762634303076201690
0.02288697648795099196
0.02307879964256012370
0.01820289324404657585
0.02130340379550896279
0.02458889852990740060
-0.07095839036957526935
-0.03063804619905112145
-0.12417777612533664744
0.00017375635594019305
-0.22888884511962687140
-0.23074579516299845161
0.01994559556703295530
0.01816283184047689722
0.02234352840851606264
0.02905732925753882687
-0.19855582483174022412
0.03322563810750917696
0.02089575999719087834
0.03011144919033123882
-0.09575461081244673878
-0.04723234762147119487
-0.01011824765114865271
0.03553966648589601540
0.02671536928935520222
-0.16269512266635832720
-0.23399554847516840228
-0.27882548864885869921
0.01778663269298960334
0.01910718128845834141
0.02352447199813310560
0.01930113632010986915
0.02407437341538669340
0.03636976644431779565
-0.06746657907174768987
-0.26596548644791145888
-0.02347939166998846278
-0.12606657882054250752
0.01048707226028865527
0.03953004580029152726
-0.32906993760614788869
-0.30409403653116534594
0.04489045455244759092
-0.21280050087359886346
0.02099684494703161347
0.03504738658959970221
0.01886337507867602917
0.03402277227735239079
0.02878030201350638764
0.02101564042069541810
0.02864332495105824730
-0.09148141659830370809
-0.03995297068440736843
0.04914660047928470776
0.00018802423020329503
-0.16290088601917740441
-0.34509171295156571002
0.03101344698774442799
-0.38480176571274177233
0.01930242556207862822
0.02366350269517500382
-0.37216947038830200389
0.01860873844323291879
0.05149824339141376162
-0.27818736728449156015
0.02323511056590489218
0.05161091028369151068
-0.05933031663807705747
0.04351946126206193699
-0.01311201203714465295
-0.11921726577393632063
0.02386133033938397235
0.05997202190052716014
-0.47086653979640624712
0.03563687921445261864
-0.20678675475181962362
0.05121383038442971214
0.01987165940848006213
0.01818177479938110422
0.02796763250350429650
0.01990248542663993966
0.02628971274630767171
0.06643818943558597867
-0.08106163951384280641
-0.51934100757560075490
-0.02907899373597758533
0.01348132827861658369
-0.35923042575822139444
-0.14991337073932645141
0.04762937485622777134
-0.53490424127988878134
0.05440425523920004031
0.02240534883442966280
0.06845356507264314938
0.07059941731252458719
-0.25709146757964823626
0.01658243462423059089
0.04576509561308933494
0.01724515848522779546
0.02100536408070165575
-0.48267015699806958828
-0.04696544312733906545
0.03491794045711415356
-0.10389891091549043056
0.07922681302790733626
0.00016886702183044124
0.01654982043810326528
-0.75711723999487956505
0.04033729587443335429
-0.18131922686053761340
0.07137148324877749805
0.01844788429961689499
0.02200661889761304155
0.08823691855298927689
0.01718272637162152061
0.02212071384491294881
0.02862090621009811056
-0.30292406754918066447
-0.70963136056475384361
-0.06545143848505023676
0.06197805146665915504
-0.01529520825866030956
-0.45663562475423052911
-0.12584043345015652471
0.02942533341075287065
0.01448757598328084123
-0.76176300897173898630
0.06787693515253456766
0.08838495769136481273
0.03781175409283429878
0.01330062077190069872
0.09454646314651818373
-0.20745779431461075504
0.01863006388658839871
0.08298066540145193626
0.01349961834906656701
0.10259414400439767490
0.05199830005909544806
-0.03158105075662530348
-0.08256061126196831412
0.01557044570618192590
-1.18883593793216890688
0.01558392520895657447
0.02004941574593572390
0.05970161910851598530
-0.14176247359767610301
0.09619218006404051113
0.01309793956830656442
-0.34072004219198415154
-0.55533347701381252648
0.11565435189820109929
0.02750025717587019011
0.01564388381965309271
0.01799694815437318310
-0.21918520747909156499
0.07108545451627905354
0.01041628018286566704
-0.04684221762262887750
-1.04739985239223698521
0.00010979332355312868
-0.09465886834064092537
0.11085917926618855944
0.00889222872990775605
0.03887569608753947692
0.04727058221908327085
-2.38984347198464375239
0.09189031627826595161
0.00902679602546152884
0.12462609229619861506
-0.14715105426836605496
0.01133158091159937667
0.01716850452970236293
0.13250049936632793401
0.09666557134621243941
0.05505616462435830583
0.01634231238451674603
-0.01514386347518841512
-0.05823757528885069312
-0.27926249280801379582
0.01215812002511432351
-2.01963571381419049189
0.03180715466628008387
-0.17951341125498590512
0.00747856981239252393
-0.09875920753408438946
-0.52192731529178237881
0.08139973198601303805
0.12651596989358235290
0.02475299153788525566
0.00377166344597794747
0.15123729139391636767
0.01635394139202739350
-0.12089756393063932904
0.01716347556035865279
0.07754255378794777664
0.00150550907962032502
-0.02775984014273180991
0.14255276903846464398
0.12974788041788146153
0.01529199582374108322
0.00116077212549959684
0.03746588464654501682
-0.06349398538927825131
-0.89550859126780801844
0.00317146414067004303
-4.34830363272019937426
0.06569799414138643989
0.11960353879380095088
-0.08186424855043711313
0.16316750870842683385
0.17061428404163964112
0.00805966430267628618
0.10763456153716714769
0.05562929674968134647
0.00004073601257781234
-0.03560582932270914269
0.04699901425665676397
-0.05454564018622018451
0.01651844989390302207
0.10418221674290174816
0.16334351989266812644
0.17057875649610515500
0.19899965540514599760
0.08087105648192995100
-0.01147202844889001067
0.14814083847270470562
0.02784322981134346869
0.02947006931254678858
-0.03349629544982828111
0.08273667692382638550
0.15025294487810242350
0.21328818145369105030
0.22921107912151481023
0.11557161682022133731
0.04819590002956244262
0.01150296258979484863
-0.01596453646187599371
0.05832739023795579375
0.20370702777003074635
0.12605131306788677770
0.20720164996794948609
0.26644391352961488417
0.07449413288469688976
0.16353772040553862799
-0.00000057371616437767
0.03563741025570139193
0.09476198626524506841
0.18158843689074094518
0.27902914693797026269
0.27867983592304640394
0.30447364978782254230
0.11097018002339219256
0.01596334188032013865
0.23078561859674662227
0.06352720409144550773
0.14189117875391360490
0.25745354862368219351
0.37268712293503369892
0.16231757005433458674
0.03349495155619351683
0.38511507252190746442
0.09879624858580207669
0.32914471068730438708
0.20763602132486599916
0.35971608416392841789
0.23399633272048939170
0.05454399284389153252
0.14719713717589683055
0.51981092772276216163
0.30319209188145185285
0.48324137787834120505
0.47099119807665523751
0.08186211637342012681
0.34506951119088469238
0.21925159412140443616
0.45706187551980737016
0.71029072121192315947
0.12089358554611154273
0.75737575106605303787
0.34083636269017320020
0.53493110759203976734
0.55555633647149949006
0.17950517541398997023
1.18940678287750811748
1.04783889669600771555
0.76156857017863965886
0.27924248300333542883
0.52187536810382684216
2.02034173532232141923
2.38995378319245022070
0.89538046060888820676
4.34807248780946231648

1
2
3
1
4
2
1
3
5
6
4
1
6
1
5
3
7
5
8
4
6
5
9
6
5
7
10
5
10
9
8
6
11
9
11
6
7
12
10
8
11
13
10
14
9
15
11
9
12
16
10
10
16
14
9
14
17
9
17
15
18
13
11
18
11
15
16
12
19
20
14
16
21
13
18
17
14
22
17
23
15
22
14
20
18
15
24
16
19
25
20
16
25
23
24
15
17
22
23
21
18
26
26
18
24
22
20
27
25
19
28
20
25
29
30
23
22
27
20
29
31
21
26
32
24
23
27
33
22
34
26
24
30
32
23
30
22
33
35
25
28
29
25
35
34
24
32
27
29
36
37
31
26
34
37
26
38
33
27
38
27
36
39
32
30
35
28
40
30
33
41
35
42
29
36
29
42
43
34
32
39
30
41
44
31
37
38
41
33
39
43
32
45
37
34
46
38
36
35
40
47
43
45
34
42
35
47
36
42
48
38
49
41
46
36
48
39
41
50
44
37
51
51
37
45
46
49
38
52
43
39
47
40
53
49
50
41
54
45
43
42
47
55
48
42
55
39
50
56
52
39
56
52
54
43
57
46
48
58
44
51
46
59
49
60
51
45
54
60
45
61
50
49
53
62
47
57
59
46
55
47
62
48
55
63
57
48
63
49
59
61
64
56
50
52
65
54
52
56
65
66
58
51
61
64
50
66
51
60
67
60
54
53
68
62
57
69
59
67
54
65
62
70
55
63
55
70
59
71
61
64
72
56
65
56
72
73
57
63
74
58
66
69
71
59
73
69
57
64
61
75
66
60
76
76
60
67
68
77
62
61
71
75
62
77
70
65
78
67
70
79
63
73
63
79
72
64
80
65
72
81
75
80
64
74
66
82
69
83
71
82
66
76
65
81
78
73
84
69
76
67
85
78
85
67
68
86
77
87
75
71
70
77
88
83
69
84
70
88
79
71
83
87
89
72
80
73
79
90
81
72
89
75
91
80
73
90
84
82
92
74
93
82
76
94
78
81
75
87
91
93
76
85
94
85
78
77
86
95
88
77
95
88
96
79
83
84
97
90
79
96
98
89
80
83
99
87
98
80
91
81
89
100
101
92
82
94
81
100
93
101
82
90
102
84
99
83
97
93
85
103
91
87
104
94
103
85
102
97
84
86
105
95
88
95
106
87
99
104
88
106
96
96
107
90
108
89
98
100
89
108
98
91
109
107
102
90
101
110
92
91
104
109
93
111
101
112
94
100
103
111
93
99
97
113
94
114
103
102
115
97
105
116
95
106
95
116
117
96
106
112
114
94
99
118
104
96
119
107
97
115
113
120
108
98
98
109
120
100
108
121
118
99
113
122
102
107
119
96
117
112
100
121
123
110
101
123
101
111
124
109
104
125
111
103
102
122
115
114
125
103
104
118
124
105
126
116
122
107
119
106
116
127
117
106
127
128
114
112
115
129
113
120
130
108
121
108
130
120
109
131
128
112
121
118
113
132
124
131
109
123
133
110
134
123
111
134
111
125
135
119
117
115
122
136
113
129
132
137
125
114
137
114
128
138
122
119
115
136
129
116
126
139
118
140
124
127
116
139
127
141
117
132
140
118
142
128
121
138
119
135
135
117
141
143
130
120
121
130
142
131
143
120
136
122
138
124
144
131
123
145
133
134
145
123
146
134
125
124
140
144
129
147
132
146
125
137
139
126
148
128
149
137
129
136
150
127
139
151
127
151
141
142
152
128
132
153
140
129
150
147
142
130
154
154
130
143
155
138
135
128
152
149
138
156
136
131
157
143
147
153
132
131
144
157
158
135
141
145
159
133
160
145
134
146
160
134
136
156
150
146
137
161
162
144
140
149
161
137
155
135
158
155
156
138
139
148
163
151
139
163
140
153
162
141
151
164
165
152
142
165
142
154
154
143
166
158
141
164
147
150
167
157
166
143
168
153
147
144
169
157
149
152
170
171
159
145
144
162
169
171
145
160
156
172
150
173
160
146
146
161
173
149
170
161
168
147
167
148
174
163
155
175
156
167
150
172
158
176
155
151
163
177
151
177
164
178
162
153
152
165
179
158
164
176
153
168
178
180
165
154
180
154
166
152
179
170
175
172
156
157
181
166
169
181
157
171
182
159
175
155
183
176
183
155
171
160
184
161
170
185
186
169
162
173
184
160
161
187
173
167
188
168
174
189
163
186
162
178
163
189
177
172
190
167
176
164
191
177
191
164
161
185
187
165
192
179
180
192
165
168
193
178
166
194
180
166
181
194
195
172
175
190
188
167
196
170
179
169
197
181
188
193
168
182
171
198
185
170
196
186
197
169
184
198
171
199
184
173
195
190
172
200
175
183
187
199
173
176
201
183
174
202
189
203
186
178
176
191
201
175
200
195
177
189
204
177
204
191
203
178
193
179
192
205
180
206
192
187
185
207
180
194
206
196
179
205
208
194
181
181
197
208
209
188
190
198
210
182
211
193
188
185
196
212
187
207
199
198
184
213
199
213
184
200
183
214
201
214
183
186
215
197
216
190
195
207
185
212
203
215
186
189
202
217
211
188
209
204
189
217
201
191
218
204
218
191
200
219
195
216
209
190
193
220
203
205
192
221
192
206
221
194
222
206
211
220
193
208
222
194
205
223
196
208
197
224
216
195
219
212
196
223
225
199
207
226
210
198
197
215
224
226
198
213
225
213
199
200
214
227
228
214
201
200
227
219
203
229
215
201
218
228
202
230
217
207
212
231
220
229
203
232
211
209
204
217
233
204
233
218
234
209
216
235
205
221
221
206
236
235
223
205
225
207
231
206
222
236
222
208
237
224
237
208
238
220
211
216
219
239
240
212
223
232
209
234
226
241
210
225
242
213
226
213
242
238
211
232
224
215
243
231
212
240
227
214
244
228
244
214
215
229
243
239
234
216
227
245
219
228
218
246
230
247
217
217
247
233
233
246
218
248
229
220
245
239
219
235
221
249
249
221
236
248
220
238
225
231
250
236
222
251
251
222
237
235
252
223
224
253
237
223
252
240
234
254
232
224
243
253
226
255
241
242
255
226
256
242
225
232
257
238
240
258
231
259
227
244
259
245
227
256
225
250
229
260
243
261
244
228
262
234
239
228
246
261
248
260
229
250
231
258
230
263
247
232
254
257
233
264
246
247
264
233
265
239
245
234
262
254
235
249
266
236
267
249
235
266
252
236
251
267
268
248
238
237
269
251
253
269
237
270
240
252
257
268
238
265
262
239
255
271
241
253
243
272
240
270
258
273
255
242
256
273
242
243
260
272
259
244
274
261
274
244
245
259
275
276
256
250
277
261
246
245
275
265
278
260
248
264
277
246
279
250
258
247
263
280
247
280
264
257
254
281
268
278
248
249
282
266
267
282
249
254
262
283
267
251
284
285
252
266
284
251
269
279
276
250
276
273
256
270
252
285
253
286
269
253
272
286
287
268
257
288
271
255
273
288
255
262
265
289
254
283
281
270
290
258
291
272
260
259
274
292
257
281
287
275
259
292
290
279
258
261
293
274
260
278
291
277
293
261
262
289
283
265
275
294
264
295
277
263
296
280
264
280
295
268
297
278
282
298
266
276
299
273
265
294
289
267
300
282
285
266
298
267
284
300
287
297
268
301
284
269
301
269
286
302
276
279
303
270
285
274
293
292
299
288
273
286
272
304
290
270
303
288
305
271
291
304
272
306
281
283
292
307
275
287
281
308
307
294
275
278
309
291
290
310
279
277
311
293
297
309
278
312
283
289
313
277
295
295
280
314
296
314
280
276
315
299
302
279
310
276
302
315
306
308
281
316
298
282
316
282
300
317
289
294
312
306
283
318
285
298
313
311
277
297
287
319
300
284
320
320
284
301
292
293
321
303
285
318
322
288
299
301
286
323
323
286
304
287
308
319
305
288
322
290
303
324
312
289
317
291
325
304
290
324
310
291
309
325
321
293
311
292
326
307
307
327
294
328
309
297
313
295
329
314
329
295
292
321
326
296
330
314
317
294
331
310
332
302
297
319
328
333
299
315
316
334
298
306
335
308
318
298
334
336
316
300
331
294
327
312
335
306
333
322
299
302
337
315
320
336
300
303
318
338
339
320
301
307
326
327
339
301
323
313
340
311
324
303
338
341
305
322
342
323
304
308
343
319
332
337
302
304
325
342
312
317
344
345
321
311
309
346
325
310
324
347
313
329
340
346
309
328
333
315
337
310
347
332
314
348
329
314
330
348
308
335
349
317
331
344
311
340
345
350
326
321
351
328
319
352
335
312
308
349
343
316
353
334
336
353
316
318
334
354
355
327
326
352
312
344
338
318
354
333
356
322
320
357
336
343
351
319
345
350
321
358
331
327
339
357
320
356
341
322
339
323
359
360
324
338
342
359
323
325
361
342
350
355
326
362
340
329
360
347
324
325
346
361
332
363
337
364
333
337
346
328
365
355
358
327
344
331
366
329
348
367
351
365
328
348
330
368
347
369
332
349
335
370
358
366
331
345
340
371
335
352
370
329
367
362
334
353
372
334
372
354
373
356
333
374
353
336
364
337
363
332
369
363
357
374
336
375
338
354
343
349
376
364
373
333
343
376
351
345
377
350
362
371
340
375
360
338
344
378
352
379
357
339
356
380
341
359
379
339
359
342
381
361
381
342
350
382
355
344
366
378
346
383
361
360
384
347
345
371
377
365
383
346
355
385
358
384
369
347
348
386
367
348
368
386
387
365
351
349
370
388
350
377
382
389
370
352
376
349
388
390
366
358
387
351
376
391
372
353
392
354
372
374
391
353
352
378
389
363
393
364
392
375
354
355
382
385
367
394
362
395
356
373
357
396
374
397
363
369
362
398
371
395
380
356
396
357
379
358
385
390
399
360
375
373
364
400
359
401
379
359
381
401
399
384
360
361
402
381
361
383
402
403
378
366
404
377
371
397
393
363
405
383
365
362
394
398
364
393
400
405
365
387
386
406
367
390
403
366
384
407
369
386
368
408
406
394
367
409
388
370
389
409
370
410
382
377
371
398
404
407
397
369
411
372
391
411
392
372
412
387
376
376
388
413
374
414
391
415
385
382
416
389
378
392
417
375
374
396
414
395
373
418
373
400
418
404
410
377
417
399
375
385
419
390
395
420
380
396
379
421
403
416
378
386
408
406
401
421
379
412
376
413
381
422
401
381
402
422
423
384
399
382
410
415
383
424
402
424
383
405
423
407
384
405
387
425
426
403
390
415
419
385
409
427
388
425
387
412
389
428
409
427
413
388
391
429
411
416
428
389
395
418
420
411
430
392
414
429
391
390
419
426
392
430
417
431
414
396
417
432
399
431
396
421
403
433
416
432
423
399
401
434
421
401
422
434
435
422
402
435
402
424
412
413
436
426
433
403
424
405
437
405
425
437
425
412
436
409
438
427
409
428
438
429
439
411
411
439
430
427
440
413
441
429
414
416
442
428
431
441
414
440
436
413
430
443
417
416
433
442
417
443
432
431
421
444
434
444
421
434
422
445
435
445
422
424
446
435
437
446
424
436
447
425
437
425
447
438
448
427
449
438
428
448
440
427
429
450
439
428
442
449
451
430
439
441
450
429
451
443
430
431
452
441
431
444
452
440
453
436
434
454
444
454
434
445
435
455
445
455
435
446
436
453
447
456
446
437
437
447
456
438
457
448
449
457
438
448
458
440
450
459
439
439
459
451
440
458
453
441
460
450
452
460
441
444
461
452
444
454
461
454
445
462
455
462
445
453
463
447
446
464
455
456
464
446
465
456
447
448
457
466
448
466
458
463
465
447
450
467
459
460
467
450
458
468
453
452
469
460
461
469
452
468
463
453
454
470
461
454
462
470
455
471
462
471
455
464
472
464
456
465
472
456
466
473
458
473
468
458
474
467
460
474
460
469
463
475
465
461
476
469
476
461
470
468
477
463
478
470
462
478
462
471
465
475
472
464
479
471
463
477
475
479
464
472
473
480
468
469
481
474
468
480
477
481
469
476
470
482
476
472
475
483
478
482
470
484
478
471
484
471
479
479
472
485
477
486
475
472
483
485
487
481
476
483
475
486
487
476
482
480
488
477
478
489
482
488
486
477
484
489
478
479
490
484
485
490
479
483
491
485
482
492
487
483
486
493
489
492
482
485
491
490
494
489
484
483
493
491
490
494
484
488
495
486
486
495
493
496
490
491
497
492
489
490
496
494
497
489
494
491
493
498
491
499
496
493
495
500
491
498
499
493
500
498
496
501
494
494
501
497
499
502
496
496
502
501
498
503
499
498
500
504
498
504
503
505
502
499
503
505
499
503
504
506
503
506
505
